43 36 32
30 18 14 17 5 0 0 31 12 12 8 15 18 20 26 11 12 22 8 24 16 23 5 1 7 7 30 19 20 16 3 29 7 17 13 # 
4 1 22 31 6 16 # 25 24 # 19 27 29 11 25 5 29 20 9 27 15 12 20 6 24 12 0 15 16 22 28 19 27 18 15 3 
4 29 17 15 26 0 11 6 27 10 30 7 30 31 3 # 15 5 9 1 28 24 26 17 15 16 21 6 25 3 # 11 30 27 16 16 
29 1 22 0 31 18 28 14 1 10 20 14 5 7 17 23 21 24 18 22 9 2 7 30 17 17 13 29 1 11 7 12 24 7 26 14 
8 0 5 24 8 3 22 2 14 3 12 9 8 2 27 30 26 1 24 0 17 2 30 14 7 3 # 17 11 22 16 9 27 7 25 30 
27 9 5 5 5 23 19 9 11 7 6 8 12 12 15 1 10 9 6 # 7 6 20 8 20 0 31 21 14 16 26 26 19 21 15 1 
5 18 7 10 7 23 26 16 11 29 9 20 7 30 0 1 22 16 5 1 31 8 7 31 23 0 24 29 14 17 5 19 30 26 9 0 
4 1 10 10 29 31 7 30 9 25 # 5 16 18 20 2 5 17 16 0 9 6 2 4 29 27 23 1 21 5 25 2 26 3 9 5 
19 22 27 21 6 30 25 24 0 31 31 31 31 14 20 5 # 31 29 15 6 12 6 10 19 24 25 0 26 13 7 # 12 18 16 2 
20 3 7 8 8 18 6 15 # 23 16 14 19 25 10 27 20 19 21 10 26 18 4 13 0 2 21 5 7 13 14 20 25 18 1 8 
0 0 31 15 8 28 0 25 18 28 27 12 14 14 2 21 # 6 12 26 17 28 4 2 25 10 20 # 21 16 18 23 30 27 11 30 
1 21 28 6 12 17 1 6 6 # 7 14 8 30 11 25 26 6 12 22 # 8 21 27 16 22 31 4 0 28 16 20 16 # 20 27 
31 2 31 29 11 17 8 8 31 14 9 23 3 2 10 14 8 17 16 29 30 5 18 14 19 11 21 6 25 22 23 28 12 13 17 20 
18 21 10 10 4 30 16 23 28 13 28 25 0 22 18 6 1 23 # 15 20 10 28 27 22 23 19 9 26 26 24 23 2 15 19 20 
13 # 9 18 4 24 7 17 3 12 30 26 9 7 14 25 17 9 20 28 29 # 18 13 12 14 25 21 12 6 5 30 26 20 29 1 
16 29 5 7 30 14 18 30 9 2 24 20 22 24 22 0 19 26 18 14 20 28 15 5 27 0 9 28 27 14 0 0 2 22 12 4 
17 3 17 30 24 31 0 17 16 30 22 7 0 10 26 5 30 2 14 16 17 5 13 # 0 12 3 0 7 19 15 1 4 13 19 1 
6 11 26 10 0 16 12 13 22 5 22 24 12 29 27 11 29 # 28 17 # 1 23 27 2 10 30 16 4 20 31 28 7 23 11 0 
29 4 14 26 29 13 22 29 18 1 6 25 24 24 2 3 8 19 8 17 5 24 9 8 5 27 30 15 # 30 11 1 28 6 10 5 
8 16 21 16 9 9 20 7 22 9 29 28 29 27 # 28 4 9 14 22 19 23 11 14 30 21 16 9 0 14 2 16 16 27 10 31 
6 0 0 20 8 4 4 6 27 28 26 15 5 7 12 22 15 4 19 17 11 10 7 19 3 1 27 22 0 8 12 19 24 28 21 21 
4 19 12 8 10 4 3 16 21 9 14 14 10 19 4 3 12 29 25 21 5 15 18 21 9 4 28 12 1 6 18 21 14 10 25 25 
9 21 28 27 1 26 20 0 15 24 27 11 1 19 23 3 4 11 28 30 0 26 14 7 23 26 2 29 22 4 0 16 8 17 2 2 
23 20 28 22 # 25 4 17 27 27 24 27 5 13 13 18 2 14 15 16 19 10 29 31 1 8 # 20 15 7 14 29 21 10 25 1 
16 17 30 22 26 8 2 10 27 6 7 8 5 28 29 0 3 0 30 11 10 26 13 18 23 8 10 21 1 26 21 22 15 19 15 # 
18 2 4 30 4 14 17 10 12 28 24 3 15 26 28 19 12 20 15 7 30 5 4 14 25 14 10 9 14 31 0 1 18 15 21 14 
8 17 2 2 1 27 5 7 30 6 22 26 25 27 27 8 21 30 20 8 3 23 10 30 26 8 2 12 7 3 3 13 27 31 19 11 
7 1 31 9 12 15 14 29 28 11 22 12 9 30 14 21 7 10 25 28 12 6 27 13 14 26 8 13 29 4 31 8 28 4 28 0 
2 23 27 25 7 16 4 11 19 7 17 12 12 1 10 22 1 12 # 23 22 27 9 # 25 5 15 7 0 # 0 24 13 9 30 30 
21 23 30 23 18 21 19 3 18 28 30 10 23 0 16 17 28 20 14 12 1 29 18 4 12 15 26 19 13 27 # 0 24 24 20 1 
12 20 16 # 15 7 12 19 13 9 29 # 5 12 26 28 22 5 5 1 4 25 25 5 13 0 1 1 11 31 13 1 19 18 # 1 
4 3 22 30 26 11 9 18 0 4 23 26 14 14 26 26 29 15 0 6 25 27 11 31 20 22 30 8 15 13 21 27 17 31 16 # 
4 30 16 22 8 0 19 9 5 14 9 27 14 8 0 18 24 4 22 10 25 9 18 3 31 10 10 27 20 10 14 13 14 21 # 24 
4 25 2 31 # 20 3 28 18 26 27 20 9 16 12 22 11 25 25 0 16 25 4 15 11 28 10 5 3 4 14 20 30 11 3 28 
8 26 23 29 26 23 27 15 24 # 21 0 11 12 22 2 25 19 26 28 10 # 3 9 14 18 24 30 5 27 0 20 23 12 5 28 
16 5 27 28 24 # 26 28 23 12 7 15 5 30 13 27 15 19 10 9 25 17 26 10 4 11 0 12 12 4 17 9 22 # 5 2 
8 10 1 28 21 4 2 24 3 7 13 21 20 10 1 14 5 22 12 3 11 7 31 28 0 15 11 # 29 31 17 # 5 # 17 12 
24 29 16 12 21 17 28 6 8 10 9 13 21 21 22 # 3 25 19 12 16 26 0 11 10 9 29 9 0 13 11 4 25 9 28 15 
28 13 22 9 27 21 22 16 11 23 17 3 11 7 10 31 24 9 11 10 25 20 15 30 29 27 25 28 7 2 4 12 0 18 10 23 
20 0 30 5 30 16 31 29 5 15 6 23 11 29 26 14 27 1 12 28 15 26 26 6 29 30 6 27 20 12 12 23 26 21 26 23 
12 2 28 7 # 3 25 22 28 1 14 # # 25 23 4 17 # 17 14 1 8 0 31 12 12 21 14 22 3 24 # 16 22 4 18 
0 6 21 14 21 26 17 30 26 18 16 6 11 16 30 25 11 20 18 23 1 18 5 19 16 30 24 12 17 7 28 15 3 26 18 9 
22 30 29 2 10 0 15 2 14 14 23 25 26 31 8 4 13 10 30 1 23 15 # 11 20 19 24 18 26 8 24 27 27 4 16 20 
35 28 2 26
7 32 38 26
25 7 38 6
41 29 22 4
36 31 31 16
31 5 10 13
12 10 17 4
35 34 41 31
36 32 2 17
9 16 4 0
2 10 9 34
22 30 3 12
29 17 36 10
14 34 25 12
1 26 0 17
22 31 34 5
38 26 42 19
37 0 24 6
23 25 26 15
23 6 37 23
25 18 42 26
24 28 8 10
22 17 1 26
42 23 7 30
9 16 18 10
42 23 11 16
25 14 24 16
11 23 5 15
15 32 40 30
19 5 15 28
9 23 37 20
28 26 7 14
