36 14 9
12 29 # 24 23 # 19 19 11 5 9 9 16 14 
4 4 10 11 31 19 5 25 35 16 7 11 31 # 
8 2 # 1 18 2 5 15 5 24 28 12 4 0 
31 19 29 6 12 # 1 33 19 29 30 22 31 32 
# 1 25 9 28 29 24 3 33 14 9 6 12 35 
8 20 30 15 7 35 35 12 29 # 0 18 # # 
# 10 15 25 10 28 9 23 5 6 5 17 31 7 
31 22 # 34 32 28 0 2 # 14 19 20 27 28 
26 28 22 21 6 4 # 7 17 5 23 22 29 28 
33 12 7 30 31 33 35 23 3 28 30 30 22 0 
# 9 22 35 0 29 # 14 23 8 35 13 31 11 
6 # 35 32 0 # 27 13 5 10 # 11 # 28 
25 2 6 31 23 0 28 24 14 24 12 28 # 6 
6 5 9 13 4 28 3 14 # 19 33 29 7 34 
# 28 9 12 13 16 17 1 3 # 22 1 32 21 
32 26 21 30 32 # 0 0 19 5 18 32 12 9 
25 11 # 11 13 16 30 # 26 0 23 11 33 17 
0 3 3 20 25 22 9 # 23 9 26 35 28 10 
28 23 3 25 5 29 # 19 32 18 24 # 35 35 
31 9 23 33 19 28 19 29 12 2 27 25 19 29 
16 29 4 11 2 20 15 # 20 8 16 17 7 # 
22 27 21 23 14 16 14 35 13 21 3 2 23 12 
6 18 4 12 13 15 34 8 2 0 15 15 27 27 
34 30 29 11 33 # 17 32 11 16 # 22 7 25 
32 27 31 17 16 26 5 # 15 33 15 22 26 29 
6 14 3 # # 22 17 35 2 # 32 17 34 7 
19 17 5 14 7 35 29 27 # 22 12 15 30 0 
19 # 2 15 33 7 20 5 23 4 32 13 19 14 
26 12 35 6 0 22 # 11 # 35 8 22 9 # 
6 34 # 11 16 21 # # 20 2 28 19 0 32 
16 14 # 18 32 25 25 14 28 19 16 29 # 23 
25 # 30 30 22 26 25 26 25 # 14 30 9 # 
6 7 # 1 11 20 14 29 29 1 13 15 0 25 
13 18 1 8 27 13 31 12 33 3 35 11 11 14 
27 2 26 27 1 # 34 2 0 1 13 # 21 5 
24 27 10 14 5 20 8 13 31 17 21 25 35 9 
14 13 21 7
8 12 27 0
22 10 2 5
15 1 6 7
25 9 17 5
11 0 1 12
35 8 17 9
9 2 8 5
19 11 18 13
