10 25 62
28 39 9 28 37 33 1 27 24 26 3 9 8 2 32 # 1 24 3 19 23 8 32 37 22 
11 15 32 25 # 34 25 5 31 4 23 13 # 10 0 12 16 3 20 2 # 37 # 32 18 
33 35 37 # 14 14 39 25 1 27 0 # 1 25 8 20 # 26 12 26 14 30 32 # 8 
7 6 13 8 22 39 1 12 13 12 19 40 35 19 11 0 10 19 17 30 5 10 4 10 13 
24 15 6 34 14 28 32 3 5 32 6 15 17 20 2 # 14 # 3 38 # 14 39 # # 
31 # 36 # 19 27 22 13 33 28 20 3 35 3 38 30 8 14 35 9 39 # 32 34 38 
# 23 1 1 7 # 14 33 0 23 # 2 10 20 25 18 7 30 21 35 30 # 0 8 11 
14 14 27 27 4 # 6 36 # 2 12 # 15 34 3 # 6 40 0 35 27 38 22 22 # 
35 36 # 1 # 3 25 24 24 21 12 # 25 6 29 # 38 40 # 31 27 24 9 29 39 
34 33 19 21 # 39 17 35 1 13 # 34 12 # 26 26 # 14 22 6 17 5 # 30 16 
5 5 6 9
4 2 6 22
7 19 8 22
6 20 4 23
8 23 3 7
0 24 2 23
0 18 2 13
9 14 0 24
2 24 5 24
4 2 1 11
7 14 1 5
9 22 7 11
4 15 1 10
8 8 8 21
5 8 0 7
0 5 9 22
4 1 7 20
0 23 0 20
0 14 8 23
2 14 0 22
2 4 1 1
3 12 8 16
1 14 1 16
6 12 7 22
2 1 4 16
7 3 0 3
3 13 8 18
0 22 7 13
4 6 6 8
9 7 4 4
9 14 5 23
1 7 7 2
3 11 5 19
3 20 5 17
8 20 2 17
7 1 6 5
0 19 8 8
3 13 8 10
5 3 6 16
2 23 6 24
8 21 0 23
6 15 3 19
0 17 3 10
4 1 6 0
2 1 3 23
1 10 4 22
2 13 5 10
1 4 3 5
1 12 2 18
6 0 8 11
4 10 8 12
6 4 1 24
5 17 2 8
2 1 2 12
3 10 3 14
9 8 0 18
4 8 4 5
1 22 1 14
4 14 8 11
5 9 9 21
1 3 6 18
4 20 9 23
