15 46 94
3 3 3 1 # 5 1 3 3 5 5 1 # 1 4 0 2 # 3 2 1 1 1 1 4 4 # 4 # 5 4 2 2 # 0 4 # 1 1 3 5 # 3 0 0 # 
1 # 3 3 4 5 # 0 2 0 1 2 3 4 # 5 4 # 0 1 3 1 0 5 4 1 0 0 0 1 0 # # 5 1 3 # 4 3 # # 3 # 3 5 2 
0 2 # 2 4 5 # 2 1 4 0 # # 2 2 # 2 1 # 2 # 5 0 4 3 # # 3 4 # # 4 # 1 5 3 1 # 2 # 3 # 4 0 1 # 
4 # 0 2 3 3 # # 2 3 # 5 # # 3 # 5 1 0 5 # # 2 # 5 5 # 3 1 0 1 5 # 2 1 # 5 # 2 4 1 0 # 1 2 # 
2 # 5 5 # # 3 5 2 # 0 # 3 # 0 1 5 # 5 0 # # # 4 0 0 3 0 1 # 4 2 # # 0 1 1 5 5 # # 2 0 3 1 1 
# # 2 0 5 # 1 4 5 # # 0 # 4 2 4 # 0 # 1 2 3 # # 5 0 0 # # 4 4 4 # # 5 # 5 4 1 5 5 3 # 1 3 0 
2 4 # 5 2 5 5 # # 3 0 # 0 3 2 2 2 # 0 # 3 0 4 # 5 3 5 2 # # 1 5 2 1 4 # 4 2 3 5 2 # 4 # 3 4 
# 3 1 # 3 4 1 2 0 1 4 1 # 5 3 1 5 0 4 3 3 0 # 4 0 0 3 3 1 4 # 0 # # 3 # 2 # # 0 4 2 3 # 1 1 
5 2 # 0 # # # # 1 5 # 0 2 2 3 # 3 5 2 4 0 # 1 0 # 3 # 0 3 4 5 4 0 1 3 5 3 3 2 3 # # 1 0 0 2 
1 4 0 5 1 3 0 4 2 # 5 0 2 2 0 4 3 1 1 # 3 # 0 # 2 # 5 # 4 1 # 1 5 3 # 3 # # 5 0 1 4 2 0 # 1 
4 # # # 0 # 5 2 # 4 1 4 5 3 5 1 2 # # 4 4 # 0 5 1 3 3 5 0 5 # 3 3 # # 3 # 5 # 5 1 1 # 0 0 5 
1 # 4 2 # 0 2 0 0 3 4 2 # 0 # # 4 # 5 4 0 5 1 2 4 5 5 5 2 2 # 1 # # 3 1 # 1 5 # 1 3 # 1 5 2 
0 1 5 4 3 5 # 0 5 # # # 1 4 # # 2 2 # 5 # # # 3 3 # 5 # 3 1 0 2 5 1 # 5 # 0 4 5 4 # 0 5 # # 
1 0 0 5 # 5 1 0 4 1 5 5 2 0 # 2 3 1 # # # 3 3 2 3 4 2 3 4 2 0 # # 4 # # # # 4 # 1 2 4 5 5 2 
4 3 0 # # 5 1 # 1 3 4 1 2 1 # 0 1 2 5 5 # 3 3 4 0 5 5 2 # 4 0 2 3 # 4 1 0 4 4 0 3 2 0 1 0 # 
6 43 5 28
5 15 9 41
11 12 9 6
12 44 11 13
4 26 8 39
14 45 4 19
9 19 14 45
3 32 8 37
12 5 6 4
7 19 5 5
10 25 3 44
1 3 5 26
14 3 11 37
7 13 5 37
11 7 6 37
13 17 7 6
1 36 0 37
13 29 6 4
1 23 3 18
14 23 7 24
0 38 7 21
4 20 13 30
4 14 9 26
11 5 6 8
10 45 7 26
5 35 4 27
14 29 14 0
5 14 6 39
14 10 8 14
7 40 8 15
12 38 3 42
8 19 2 13
7 16 7 43
1 19 11 34
13 23 14 29
7 1 1 14
14 2 4 1
13 15 0 15
8 22 10 44
0 6 12 16
14 25 9 14
10 4 11 11
10 45 0 15
4 39 11 1
11 40 3 35
7 19 7 41
12 35 0 18
5 26 9 11
13 16 1 15
0 24 5 40
5 20 5 40
13 9 0 43
10 6 3 28
2 34 0 10
0 2 4 36
4 44 14 14
0 41 14 41
9 40 14 41
13 21 2 29
10 39 0 12
7 41 6 38
3 7 6 40
10 1 7 19
11 30 7 1
10 32 1 7
12 17 1 26
10 7 11 17
8 17 7 27
1 19 10 41
12 16 3 10
2 10 4 8
2 10 1 32
6 34 4 9
14 22 1 37
4 23 5 19
0 38 3 27
11 27 13 29
4 16 9 8
9 42 2 44
3 24 6 27
6 13 7 32
12 15 7 15
4 43 8 37
2 34 13 7
7 4 13 33
11 27 7 13
9 40 8 19
10 24 9 18
1 3 8 45
9 41 10 28
12 12 0 17
11 34 1 39
4 16 13 30
12 22 13 23
