44 10 90
21 27 # 1 21 0 # 6 27 18 
22 0 9 17 26 19 10 14 22 27 
8 1 26 12 12 22 13 25 21 5 
12 13 19 26 26 16 0 20 19 11 
20 2 3 # 3 16 14 8 20 10 
19 27 22 12 14 18 12 18 4 19 
9 24 12 11 4 21 27 26 14 24 
8 12 18 12 2 15 2 19 1 8 
27 2 10 11 20 17 22 27 22 19 
21 15 8 7 27 4 9 20 22 18 
6 8 0 22 22 6 7 11 7 4 
3 12 7 11 10 5 13 27 16 10 
0 27 26 20 7 14 3 6 27 25 
1 11 15 # 23 9 15 11 7 12 
15 9 2 24 9 27 26 22 27 0 
27 11 10 1 17 4 1 5 18 21 
9 12 9 0 11 27 23 11 11 22 
0 2 11 12 17 9 15 27 18 22 
17 13 # 17 8 7 25 6 17 20 
19 3 2 22 8 1 2 7 9 9 
27 24 10 17 19 19 21 8 12 17 
14 3 5 16 19 4 2 8 # 3 
3 9 # 19 17 15 16 8 3 21 
16 8 9 9 16 18 10 18 27 4 
19 8 7 15 11 1 24 0 14 # 
2 11 6 27 19 26 4 23 15 3 
8 0 11 6 27 14 0 15 24 6 
16 8 # 2 5 9 16 3 16 8 
19 16 24 21 20 10 0 11 23 0 
13 21 10 20 25 27 21 12 10 9 
14 0 13 1 25 21 20 14 21 1 
23 12 13 24 16 23 6 7 8 27 
12 1 4 25 0 14 7 16 14 9 
2 12 0 24 8 24 24 6 26 1 
14 24 14 17 23 25 21 16 12 22 
16 14 1 # 5 25 15 23 12 12 
21 15 15 8 27 25 0 6 22 18 
17 2 25 10 4 25 1 5 # 23 
13 5 1 25 24 27 27 1 27 27 
20 10 14 6 25 22 6 7 8 11 
24 1 13 1 18 23 18 21 23 19 
17 14 0 15 26 7 4 3 10 6 
14 23 14 12 12 20 22 18 6 24 
23 1 2 7 4 8 18 20 16 5 
24 7 5 5
35 6 10 0
35 4 10 7
3 2 34 9
33 7 31 6
18 2 7 8
14 2 42 2
32 2 6 9
5 5 4 8
7 2 24 8
33 3 19 5
13 6 38 1
18 9 35 5
4 4 22 3
32 3 21 5
22 1 41 9
17 6 0 3
26 2 5 9
7 5 1 8
39 1 19 3
26 5 32 0
42 1 29 6
36 2 41 1
6 7 13 4
13 0 27 8
27 2 35 1
34 1 27 4
31 1 6 9
40 8 33 0
28 6 2 6
14 1 2 7
41 0 7 3
9 7 0 5
33 5 37 0
15 3 12 0
21 5 2 5
28 4 2 0
1 2 6 9
26 6 7 0
11 8 35 9
38 0 30 0
16 8 6 0
12 1 18 2
7 8 24 4
14 1 5 5
7 3 12 3
15 5 11 4
25 6 41 9
16 8 2 0
3 0 41 9
10 8 42 8
16 0 8 6
1 4 25 6
40 1 21 8
14 1 18 6
22 3 3 4
6 1 38 4
35 4 29 0
24 1 37 2
19 7 33 4
28 1 27 8
14 9 33 1
41 1 9 2
24 6 7 8
28 8 5 5
33 2 35 1
31 9 29 4
16 3 8 1
29 4 0 6
42 3 3 0
30 3 9 7
18 1 3 0
28 3 8 6
34 3 14 4
4 0 1 2
2 6 21 7
28 1 27 3
41 8 24 2
13 6 8 5
31 8 40 1
16 5 15 8
19 0 26 3
19 8 11 7
24 8 19 0
12 0 38 9
4 0 41 6
12 3 16 8
2 0 29 7
7 0 42 2
2 0 25 4
