22 31 44
8 10 2 12 17 20 11 13 4 18 11 10 13 6 0 7 14 17 10 16 10 10 9 11 21 0 5 21 19 4 2 
13 3 1 19 4 22 # 14 11 7 10 14 17 5 1 1 12 9 13 14 1 15 11 15 14 1 9 13 22 18 16 
20 12 15 12 # 16 5 2 9 12 # 1 1 17 # 3 12 5 14 11 11 8 3 20 4 19 18 # 5 3 16 
15 16 15 # 1 17 8 # 22 14 7 # 21 21 21 14 16 10 2 12 20 3 18 # 9 0 18 7 # 11 6 
13 9 22 1 11 20 13 15 # 8 4 2 # 16 # 7 # 7 11 6 10 18 10 5 15 1 21 13 3 22 # 
4 13 9 0 14 12 22 # 0 # # 10 13 # 21 7 10 21 18 5 2 22 12 0 16 # # 14 16 19 15 
14 5 2 13 12 8 9 5 14 20 8 17 5 2 13 16 7 # 0 5 18 20 1 5 7 8 15 1 16 16 # 
3 9 14 2 14 9 1 7 19 9 22 4 20 16 20 20 20 20 19 13 18 14 18 7 # # 15 14 22 21 18 
10 # 14 5 5 12 6 3 2 9 17 2 6 22 1 13 1 17 4 10 21 13 1 18 4 0 20 18 5 # 15 
18 7 18 9 9 21 21 22 3 18 8 14 16 21 14 3 17 7 21 # 12 2 19 12 7 13 8 18 1 13 2 
9 10 11 2 7 1 21 18 9 1 22 11 6 21 3 20 # 10 15 14 5 # 12 17 19 1 9 6 18 4 3 
15 10 22 18 11 1 1 # # 13 14 3 18 8 14 10 2 15 17 2 6 0 13 1 15 22 15 0 # 19 20 
2 19 # 10 # 13 # 21 21 14 14 0 10 15 8 17 13 5 4 7 19 10 15 9 8 13 19 20 12 4 4 
16 18 9 # 15 10 15 14 3 18 1 0 3 12 12 # 20 4 13 10 15 2 8 5 0 # 21 1 8 5 # 
4 11 # 14 17 16 7 20 13 4 4 # 21 0 13 14 4 2 21 6 4 14 7 13 11 0 5 14 2 11 10 
13 9 18 4 17 3 18 2 9 13 22 22 19 16 10 21 # 9 4 12 5 10 7 # 6 15 7 11 1 20 # 
2 1 15 22 # 19 1 3 20 4 12 21 10 # 13 18 11 8 11 8 1 10 # 19 # 10 20 3 1 10 13 
# 12 8 21 11 # 9 14 14 11 9 17 17 # 11 21 11 10 0 19 0 13 1 9 10 8 1 # 16 7 18 
13 3 19 2 # 10 13 19 16 21 20 # 13 11 3 15 17 8 9 12 3 19 17 7 19 1 12 19 13 # 13 
22 11 0 7 11 16 8 5 2 11 8 0 13 16 15 17 2 6 7 5 4 0 12 20 # 0 1 22 19 16 1 
20 14 16 21 3 5 11 9 19 8 11 0 11 4 9 4 20 8 19 4 9 16 19 16 11 6 13 22 4 8 17 
3 22 9 15 18 3 15 3 22 13 17 15 0 12 # 14 13 4 6 11 # 0 10 20 6 13 1 8 9 7 # 
9 22 20 13
5 13 19 27
1 28 4 15
8 17 19 12
2 26 10 27
7 3 13 12
19 3 0 24
14 3 0 21
4 23 20 18
5 25 18 23
17 5 11 17
10 12 0 29
3 26 21 29
17 9 15 30
5 19 14 7
4 22 15 17
14 28 18 22
11 15 9 10
16 29 9 30
8 30 10 12
9 18 21 0
16 27 19 11
20 25 3 6
2 27 18 1
19 27 5 2
10 8 2 30
6 8 7 13
14 6 10 9
20 5 2 6
18 3 12 9
14 21 9 5
3 27 9 21
21 17 12 29
8 25 2 18
13 24 7 5
4 4 16 10
2 22 3 10
2 8 12 23
12 10 13 22
16 1 9 17
2 13 11 14
7 18 2 3
3 4 7 27
0 28 4 27
