39 3 51
0 15 16 
4 24 8 
13 5 7 
4 24 13 
2 7 1 
28 19 14 
0 7 7 
15 27 15 
21 15 24 
8 22 4 
11 25 11 
7 23 23 
28 4 28 
18 12 17 
27 19 22 
4 4 5 
5 5 16 
6 11 16 
25 26 11 
12 19 4 
1 14 11 
20 4 0 
23 7 20 
6 16 3 
20 2 0 
26 10 3 
13 6 21 
6 15 23 
27 15 6 
6 4 26 
5 5 16 
18 5 28 
13 28 8 
11 3 13 
22 9 5 
0 7 22 
22 24 8 
10 1 8 
9 21 1 
27 0 28 1
6 2 25 1
26 2 26 1
15 0 34 0
2 0 30 2
32 0 17 2
38 2 7 2
18 1 16 0
5 2 14 1
20 2 20 0
35 0 17 2
20 1 13 0
30 1 27 0
22 2 38 1
25 0 20 2
8 1 3 2
4 1 38 1
17 1 36 1
13 1 0 1
33 0 17 0
29 1 2 2
4 2 28 2
1 0 4 0
38 2 18 1
28 2 11 0
8 2 3 2
15 1 11 2
16 2 17 0
12 2 6 0
20 2 8 0
16 2 38 2
13 0 1 2
6 1 24 2
13 1 16 2
29 2 16 0
14 1 30 0
32 2 37 0
11 0 29 0
13 0 2 0
24 2 25 1
26 2 16 1
15 1 8 2
11 2 36 1
25 2 14 2
26 2 6 1
30 0 0 1
20 2 12 2
23 0 3 1
36 2 16 2
14 1 13 1
22 1 23 2
