45 28 91
2 0 9 9 11 9 9 7 4 19 8 21 16 10 3 22 13 6 5 15 20 8 14 11 22 2 22 5 
4 7 8 0 15 4 14 5 6 7 18 8 5 2 22 9 8 22 21 13 16 16 13 7 5 20 5 17 
20 21 9 11 18 1 17 22 3 19 8 20 10 6 8 17 15 5 1 8 16 18 4 7 5 18 12 13 
22 20 13 16 21 15 4 7 2 0 7 4 12 13 8 6 6 8 21 15 21 22 18 5 0 14 13 6 
20 18 17 20 0 14 10 13 21 6 11 8 11 0 9 5 7 21 18 13 8 0 21 6 11 6 1 8 
16 4 3 19 5 3 12 13 5 21 21 5 0 20 17 2 7 11 17 6 3 17 9 8 7 0 6 13 
13 14 5 12 9 17 4 0 17 5 18 21 16 20 10 22 6 11 3 4 22 2 22 13 11 2 0 5 
19 8 5 20 19 11 13 4 22 3 6 2 9 8 22 7 12 13 17 16 17 5 13 18 1 16 21 5 
0 22 0 15 4 3 17 15 7 5 9 17 14 16 22 8 3 1 1 16 12 22 3 8 15 5 13 6 
16 20 20 16 6 3 16 14 20 11 1 0 2 4 13 15 4 19 9 5 17 15 21 18 15 10 13 15 
8 0 16 22 9 8 9 3 18 18 16 13 20 19 10 17 17 11 1 17 15 22 8 18 3 21 4 8 
0 13 5 10 22 18 1 1 5 19 5 2 11 22 16 7 13 2 14 7 15 20 12 8 13 4 14 16 
1 18 9 14 11 17 11 11 21 22 21 11 8 7 6 11 13 12 4 2 2 8 3 13 22 13 2 17 
8 22 5 20 16 19 1 2 10 19 21 9 16 5 1 0 19 12 0 2 7 2 5 1 8 13 19 0 
19 0 10 10 19 9 11 3 14 13 20 15 14 1 8 12 15 1 21 18 3 10 21 2 17 17 12 14 
13 9 13 14 11 17 18 12 17 14 4 3 17 21 15 7 21 22 5 12 11 2 8 8 11 15 6 16 
5 18 1 16 11 5 1 11 6 17 6 12 1 12 17 13 4 14 17 3 21 17 18 22 17 17 7 5 
7 5 7 21 5 8 15 18 18 10 6 4 5 4 1 6 21 14 19 9 5 8 2 4 20 19 17 2 
9 15 7 17 6 12 15 4 6 20 2 3 11 3 8 5 14 14 15 20 9 14 6 22 15 4 11 5 
16 15 11 21 22 19 11 13 11 5 3 8 7 16 12 7 10 11 7 14 21 3 7 16 19 6 0 7 
5 6 18 4 0 14 9 8 4 3 22 8 13 12 10 12 14 9 12 10 22 7 14 17 21 22 20 5 
10 13 21 9 11 8 2 20 21 20 9 16 15 13 22 8 9 16 4 14 16 10 0 4 14 3 7 0 
21 7 13 4 1 10 6 4 6 10 1 17 2 7 15 5 12 2 10 22 9 14 9 20 13 2 13 21 
15 8 3 10 11 12 12 4 18 14 15 6 14 13 22 13 17 21 15 11 13 15 9 4 17 22 17 5 
7 20 8 17 1 3 5 3 13 4 6 9 5 7 0 11 4 11 2 7 7 6 5 5 10 17 1 20 
13 17 7 5 16 9 14 22 21 2 22 8 7 18 0 10 19 8 21 11 11 18 3 0 19 4 8 13 
1 1 6 15 9 1 19 2 10 19 21 0 19 13 19 10 21 10 5 3 14 9 17 14 20 1 1 6 
21 11 18 6 14 6 2 11 19 22 19 4 2 0 21 1 4 10 12 16 19 19 17 16 14 1 6 0 
7 10 4 11 1 12 5 15 20 0 22 6 7 16 11 15 21 11 6 9 0 6 4 13 11 19 14 16 
20 15 1 5 14 3 12 21 19 4 21 4 16 5 16 0 9 16 4 11 21 1 21 21 12 16 6 3 
5 14 3 16 8 22 15 12 20 4 22 11 8 22 12 10 22 5 7 0 4 6 16 11 22 4 22 21 
14 2 12 3 10 2 20 3 14 12 11 11 8 9 6 4 2 2 17 13 18 13 4 9 22 16 6 20 
1 3 20 18 3 13 3 1 8 22 12 14 15 4 5 12 14 1 4 5 3 20 6 3 11 22 1 3 
17 18 18 2 20 1 7 18 5 15 7 11 19 16 21 15 4 11 13 22 12 5 14 16 21 15 8 19 
5 22 0 22 16 18 8 11 12 4 22 22 18 15 8 19 15 17 5 2 19 14 10 2 2 13 18 19 
20 5 14 9 20 5 19 16 17 3 1 11 7 2 6 22 18 9 17 4 22 17 4 13 10 1 18 15 
13 20 19 7 16 12 7 7 20 22 14 1 5 0 0 0 8 4 8 17 3 20 12 1 12 16 12 9 
12 19 17 20 18 18 11 13 12 20 4 18 3 8 19 21 7 7 9 17 16 11 8 19 4 20 17 12 
1 7 18 15 12 16 8 20 5 20 12 16 15 12 17 0 4 7 17 0 5 0 22 13 0 0 5 19 
19 11 17 20 22 9 19 7 12 15 21 22 0 20 8 15 21 1 14 18 5 22 4 20 5 19 13 9 
4 12 8 16 12 22 1 10 22 21 14 22 3 13 15 21 12 22 1 0 16 19 22 20 12 4 10 8 
8 17 10 7 13 18 0 1 15 12 2 1 7 22 11 3 20 6 18 8 11 8 8 8 14 2 5 9 
9 8 12 21 18 19 12 22 9 2 13 8 11 13 10 11 13 5 10 17 5 22 19 22 22 5 4 10 
6 1 8 12 16 14 7 20 19 6 18 11 2 2 21 13 13 3 7 15 22 14 1 19 3 6 20 4 
9 8 11 20 12 13 15 1 8 17 14 21 3 2 18 5 3 9 13 14 21 20 0 7 18 0 8 12 
42 11 41 15
8 14 1 13
21 2 18 3
12 13 31 2
30 23 40 13
9 18 38 16
39 18 35 9
24 25 29 15
12 17 23 22
37 0 22 8
27 2 26 6
35 23 20 17
17 6 36 20
40 3 41 19
8 11 22 27
36 10 42 18
39 0 36 10
24 21 22 27
11 1 19 15
22 24 32 3
41 13 40 12
42 8 24 5
25 25 23 4
4 26 25 9
40 23 31 11
13 12 32 23
36 17 26 1
17 23 41 9
7 15 17 16
42 0 37 24
5 7 14 15
40 23 5 9
40 19 24 12
14 19 23 25
13 21 39 7
9 4 9 3
3 25 39 2
12 9 20 21
9 20 13 16
19 27 0 14
18 7 41 20
19 26 8 25
1 10 35 9
39 22 26 25
23 6 34 24
44 16 30 8
23 25 4 5
36 23 26 19
39 18 9 13
14 2 2 6
22 10 38 26
40 2 11 24
36 26 1 19
32 24 26 27
27 5 43 23
14 24 31 7
28 17 44 24
16 3 15 4
21 11 27 22
14 7 24 18
37 7 7 8
32 13 16 24
34 21 23 1
9 18 20 26
6 12 18 4
4 8 26 16
19 10 33 14
28 15 32 0
43 0 43 14
10 16 19 16
17 4 11 9
22 9 35 13
43 26 41 13
34 24 4 3
38 8 22 6
7 7 37 22
33 20 7 24
13 15 4 11
2 19 22 20
11 23 34 12
8 10 11 8
3 23 23 12
22 21 33 1
10 7 37 11
26 19 3 7
31 19 13 20
8 27 1 17
7 22 43 22
2 3 32 16
11 3 18 7
22 5 32 5
