16 31 68
18 13 5 2 16 16 17 # 19 16 4 11 11 # 3 7 12 13 # 19 # 5 13 # # # 1 # 20 6 12 
7 17 7 # 15 24 3 2 5 10 17 15 24 1 6 # 16 19 17 # 10 6 2 # 24 19 0 0 19 17 3 
19 1 22 1 12 15 14 16 1 6 13 11 # 16 23 5 20 21 11 # # # 8 18 3 10 # 12 4 14 19 
11 6 # 5 # 3 14 5 18 # 14 10 12 14 1 14 1 15 17 9 16 10 6 0 22 # 22 11 16 11 17 
16 20 14 12 15 # 21 13 # 20 20 2 0 2 4 18 17 # 17 17 21 24 23 15 # 8 6 15 21 1 11 
# 5 # 20 6 # 4 7 # 12 # # 0 # 4 3 # 13 3 2 19 0 15 9 # 14 10 23 13 # 2 
5 17 3 # 9 1 0 2 # 17 # 17 20 13 1 1 13 2 7 17 10 7 # 1 15 21 4 20 18 17 16 
23 7 11 13 # 19 2 0 # 21 9 18 22 13 3 6 2 # 8 7 19 # # 21 # 14 0 # # 13 # 
14 11 3 15 16 7 # # 6 21 9 13 # 11 7 5 8 13 # 7 15 22 # 18 17 23 # 23 # 11 16 
6 # # 1 7 15 14 # 8 # 9 20 5 23 # 9 23 8 3 # 0 5 5 2 4 0 # 20 # 3 7 
# # 16 18 19 # 6 24 # 7 # 24 16 8 13 11 17 # 4 5 # 2 # 2 10 13 4 23 # 22 # 
7 16 7 # # 23 15 24 22 23 16 7 24 1 # 11 3 16 # # 2 3 1 7 14 11 21 13 # 22 21 
19 # 11 22 11 10 17 11 2 # # 22 10 3 11 # 22 # 2 10 1 11 17 # # 6 # # 20 # 11 
7 3 9 16 2 19 # # # 23 12 16 # 23 # 12 12 # 12 9 # 21 20 10 23 16 # 6 # 21 8 
6 11 8 # 15 # 12 5 15 1 # 12 7 16 # 2 1 1 19 6 # # 3 13 4 14 4 # 16 3 22 
21 1 12 24 # 21 23 5 21 # 8 # 6 3 2 # 1 20 17 19 0 9 0 16 # 2 12 8 4 13 5 
15 16 8 21
15 10 1 8
15 25 4 1
5 12 6 24
14 19 13 8
0 13 8 0
6 9 4 27
4 30 3 18
6 11 9 7
15 18 4 15
12 25 10 17
2 11 4 29
7 10 11 24
10 15 0 22
15 19 15 19
2 21 7 22
4 5 2 8
1 28 10 1
13 7 4 7
9 17 14 18
5 9 5 0
4 26 2 14
2 18 5 7
8 4 3 21
7 23 4 16
4 4 11 18
5 18 3 30
1 5 10 30
11 8 5 23
5 28 11 29
6 19 13 1
14 23 14 3
12 14 14 3
5 1 13 20
7 29 13 7
9 5 3 27
5 27 6 29
6 4 6 23
12 5 0 5
2 13 6 25
11 24 14 4
1 29 1 3
8 17 0 27
12 20 4 27
12 4 13 28
0 14 7 5
2 10 2 0
9 8 9 27
12 1 6 29
1 23 8 15
5 18 4 13
0 25 1 23
1 24 15 6
12 13 15 23
8 18 10 3
11 14 11 22
6 20 0 26
8 6 1 24
5 17 13 26
5 27 12 25
4 2 4 7
11 8 10 17
7 13 6 16
5 21 15 8
10 7 13 29
5 27 0 13
14 21 9 19
14 12 10 4
