21 11 65
9 2 18 24 20 7 # 26 26 14 8 
7 14 1 3 17 15 13 24 15 9 1 
10 23 19 9 6 3 # 12 12 # 5 
26 1 19 # 21 24 9 17 0 15 6 
25 26 4 # 8 8 11 10 6 21 1 
20 5 20 6 14 25 25 22 5 12 11 
0 # 7 7 # 12 # 21 5 # 25 
1 14 2 18 # 24 14 15 15 18 # 
12 7 18 16 # 15 # # 7 10 20 
20 11 14 23 6 10 13 9 26 23 5 
2 17 17 6 2 25 15 20 12 22 20 
# 17 5 10 23 6 9 22 11 10 # 
13 11 7 12 24 24 3 2 25 # 0 
25 # 4 26 8 12 19 8 11 5 25 
14 15 10 # 1 # 26 16 8 19 15 
0 # 17 10 22 1 11 5 # 24 22 
18 7 # 6 21 1 9 # 24 17 26 
21 24 7 4 26 21 16 1 6 # 15 
13 18 10 9 1 11 23 15 8 # 7 
21 13 # 4 # 23 8 4 7 14 0 
26 11 17 24 12 2 19 17 # 2 19 
20 3 1 0
4 0 13 5
1 2 13 10
8 5 16 9
3 10 4 2
19 3 2 8
18 7 8 8
3 1 20 7
0 3 0 3
3 7 10 5
18 6 14 7
11 1 19 2
4 9 15 3
2 0 16 9
10 7 10 1
20 3 19 10
15 0 11 0
19 9 2 5
1 6 7 6
6 2 19 7
6 1 17 10
7 8 10 7
0 8 8 4
4 5 20 5
7 2 4 9
4 2 0 2
10 7 2 4
11 4 2 1
7 6 5 10
19 1 15 9
17 2 3 4
13 1 6 5
5 9 11 10
16 5 1 0
15 3 17 2
15 10 9 9
15 2 4 3
15 6 12 3
20 8 2 1
17 6 7 3
9 7 1 5
14 4 5 5
4 7 0 2
19 2 20 6
5 2 4 9
12 1 20 5
3 1 7 6
3 2 16 0
17 0 0 10
13 2 20 0
1 6 17 4
5 0 16 5
12 1 16 0
3 3 12 6
8 8 18 7
4 7 14 6
2 3 15 3
5 5 20 3
18 3 17 3
11 6 13 7
5 5 12 3
19 5 3 2
13 8 7 0
2 2 1 10
10 6 1 7
